196
168
298
360
306
440
29
475
187
293
122
220
38
72
392
85
429
184
9
270
429
158
266
44
165
289
371
94
66
75
114
6
295
262
326
1
249
344
455
154
174
130
15
468
216
167
24
430
292
252
351
491
376
69
179
302
230
113
491
26
251
10
175
90
427
122
469
364
472
440
42
494
398
198
45
363
296
402
453
58
190
72
454
130
220
406
51
487
461
327
355
338
414
441
386
296
227
365
424
1
308
83
171
453
408
74
133
167
300
330
256
254
463
118
406
79
165
359
297
330
4
393
459
21
379
91
242
284
420
307
247
163
213
18
388
104
166
190
89
352
25
416
358
103
477
231
136
424
378
149
19
273
427
498
499
230
167
437
432
67
340
197
471
202
107
67
102
238
215
475
393
408
39
129
378
500
444
161
340
164
149
28
15
387
202
6
457
398
302
120
1
332
65
82
345
95
343
446
405
94
480
125
81
274
310
160
106
288
374
245
37
45
167
408
405
415
308
41
311
483
255
474
135
390
185
289
201
100
298
201
13
209
181
491
280
393
449
278
104
14
157
205
246
25
428
116
393
438
469
189
368
338
496
188
78
248
188
41
445
24
92
280
337
404
384
104
342
401
87
288
433
316
259
73
286
364
260
265
146
165
12
333
222
204
191
89
166
304
475
192
169
130
428
217
175
381
171
312
126
427
372
140
495
436
52
243
210
335
481
262
298
349
344
106
343
333
1
50
493
172
1
90
398
161
59
446
33
457
430
51
388
28
92
142
19
349
263
137
355
63
181
434
86
333
68
471
282
226
28
25
193
133
36
63
451
491
385
248
66
415
284
240
309
246
424
307
153
30
54
16
20
488
122
277
103
210
211
429
8
11
371
208
360
201
58
29
432
400
164
309
149
483
128
293
137
290
311
328
193
335
220
392
269
457
270
341
180
122
80
346
367
432
311
314
80
326
262
237
349
476
359
414
72
442
306
269
460
344
455
172
430
12
19
88
362
430
450
224
392
169
252
413
166
469
128
489
96
214
204
125
351
140
103
258
355
351
401
134
106
498
442
298
131
338
120
407
304
327
126
205
192
455
175
223
383
86
31
346
92
277
65
310
95
298
290
391
195
399
160
160
163
305
494
11
130
377
185
430
28
484
305
495
164
255
404
477
500
97
219
122
114
203
34
196
238
115
298
280
34
392
37
438
123
464
339
425
62
367
65
444
194
247
67
113
406
302
460
319
465
161
73
458
98
156
332
213
52
420
324
498
253
349
364
23
159
126
210
64
209
228
130
491
118
181
219
391
36
209
310
283
275
406
462
315
38
99
341
182
162
225
356
41
490
235
145
202
20
328
469
81
474
201
219
37
330
410
79
100
322
7
477
381
185
167
178
2
273
238
376
294
418
383
264
267
83
313
479
388
52
49
359
107
483
104
218
279
244
83
373
200
443
312
270
308
43
360
4
337
397
101
71
229
378
359
16
461
144
126
105
138
344
390
368
217
310
221
261
65
468
459
272
224
364
119
148
267
252
476
390
430
302
229
391
390
430
134
23
26
246
98
68
293
6
386
241
33
327
309
58
443
230
120
43
274
346
213
197
430
347
200
272
91
333
5
276
266
29
227
104
296
245
265
21
251
56
434
89
440
178
235
342
337
429
312
331
151
78
217
239
18
215
156
8
367
83
96
401
415
66
352
80
477
227
125
142
354
454
351
151
433
381
236
453
345
317
407
61
106
432
254
68
2
421
276
430
197
302
30
68
81
354
187
488
212
69
125
178
414
236
58
157
91
51
307
34
165
301
493
471
223
342
242
304
440
170
294
44
196
432
392
217
427
249
280
430
271
141
256
119
347
298
385
334
169
252
203
358
142
369
84
263
412
317
305
380
429
393
369
327
66
276
148
70
400
385
72
31
366
121
288
491
450
285
3
24
323
470
86
284
444
146
460
388
45
64
321
145
184
457
326
173
128
282
90
390
215
48
50
39
91
437
123
276
285
115
483
436
454
216
274
328
362
70
133
444
204
251
84
100
248
494
28
451
482
452
412
373
467
156
20
39
485
341
270
460
206
129
478
19
180
248
133
370
231
198
431
213
59
385
98
257
320
367
367
188
287
389
405
162
371
384
12
296
225
97
456
200
496
356
28
459
433
423
87
475
484
133
214
309
373
320
492
120
208
253
389
385
175
448
283
485
120
400
301
222
439
305
348
122
137
420
494
304
176
173
251
349
322
74
213
466
125
386
62
292
416
347
35
450
282
34
126
420
374
232
62
467
147
341
412
241
203
51
114
212
256
100
190
416
16
499
490
432
265
149
437
210
344
205
10
260
407
9
458
285
370
258
144
141
325
429
389
5
377
243
185
324
370
209
310
16
329
467
30
8
92
288
371
1
120
197
282
345
292
229
441
149
161
324
472
148
95
333
401
468
97
15
372
265
162
251
361
234
69
43
454
200
257
105
162
469
57
95
196
203
40
211
200
477
477
480
70
164
42
174
180
82
322
316
140
265
446
203
77
351
261
357
353
496
387
154
187
196
232
280
222
234
138
416
269
387
211
351
215
218
150
380
418
121
423
44
307
406
50
365
437
423
443
276
259
275
340
1
77
282
193
78
326
298
123
164
164
45
32
125
213
418
369
246
252
223
207
194
232
500
291
87
46
479
99
212
227
334
82
98
500
197
288
219
460
407
364
172
84
175
121
169
296
290
309
136
365
64
52
128
118
86
65
116
148
348
198
47
48
42
192
298
83
269
121
422
185
31
467
214
228
202
33
269
153
244
46
299
213
148
183
473
444
51
74
77
261
115
377
189
95
124
483
480
453
289
134
104
415
38
314
411
248
13
184
498
77
169
70
309
385
235
61
145
27
380
170
67
438
193
234
247
278
63
260
309
402
243
310
215
288
250
220
145
317
347
463
205
243
147
347
141
74
379
398
491
198
32
324
383
151
26
258
339
135
127
197
115
179
173
6
196
156
135
213
91
333
310
468
131
108
299
7
359
187
104
309
68
112
436
226
372
299
416
372
13
49
30
336
402
406
157
406
64
211
113
449
386
235
13
368
148
438
251
163
436
73
196
71
34
182
113
5
405
350
476
113
310
80
208
219
476
120
419
106
125
224
496
241
412
455
340
391
129
455
224
347
202
375
125
22
171
131
428
73
480
95
203
429
432
434
221
136
204
442
61
314
302
418
46
219
211
490
329
436
435
119
253
79
406
12
89
74
35
180
463
98
443
34
185
101
51
49
291
6
394
362
421
185
99
461
161
114
21
98
194
305
33
25
31
51
416
278
186
362
226
351
12
102
341
390
421
296
238
307
449
378
301
163
57
273
185
88
189
167
442
124
461
74
234
428
374
449
34
76
209
6
283
401
210
178
395
241
278
241
13
376
317
57
261
457
350
115
102
343
363
161
219
444
234
69
60
398
313
388
443
272
66
11
210
377
276
340
102
281
68
20
24
170
16
359
444
355
246
435
102
447
359
82
156
41
78
487
239
91
313
479
271
169
325
277
121
301
390
491
461
205
243
499
353
439
191
487
237
256
104
473
103
300
485
401
156
201
43
128
311
153
115
18
290
116
386
248
9
477
193
22
318
221
230
376
439
481
169
35
251
266
187
442
276
91
493
485
382
336
295
257
380
246
202
301
232
234
274
178
150
420
406
33
349
181
378
357
138
483
238
112
451
236
264
112
252
52
11
125
43
432
384
94
471
196
392
66
234
274
61
26
118
416
80
176
151
348
35
451
393
482
51
99
413
432
348
8
462
318
108
203
308
121
131
419
25
273
56
54
406
90
413
469
435
203
472
129
474
275
249
399
47
454
156
21
204
326
48
248
90
431
478
470
347
379
145
319
13
89
459
203
26
248
258
52
344
279
41
192
71
317
99
219
261
28
152
56
391
9
57
492
160
453
252
454
486
352
461
40
178
124
227
459
356
253
79
449
205
332
74
8
167
268
141
384
75
325
468
156
170
238
259
29
246
214
433
498
1
298
301
479
402
379
444
221
91
402
342
362
15
300
431
409
65
121
488
118
82
417
267
305
124
97
460
479
308
180
457
416
29
163
469
297
191
147
360
402
422
266
33
36
59
52
420
386
369
452
11
325
235
422
477
392
104
293
246
122
146
448
380
276
104
280
360
150
297
422
243
117
235
292
336
403
176
193
299
187
335
428
165
133
270
213
446
217
232
70
468
358
492
366
190
312
321
188
102
56
456
416
341
5
426
31
420
349
164
500
394
39
344
449
442
71
263
256
218
114
40
251
349
283
211
278
241
453
122
84
320
381
255
217
474
163
345
494
369
108
295
476
350
490
5
401
447
369
308
78
446
209
218
404
215
399
145
393
313
487
213
392
23
450
120
60
255
213
370
130
219
281
465
34
7
385
376
46
97
380
319
348
411
292
499
135
358
441
64
279
301
338
96
464
121
282
434
230
427
491
94
432
133
476
467
302
393
460
319
31
453
131
459
100
187
326
168
4
11
333
255
483
26
483
235
399
62
455
278
88
336
363
148
161
195
81
384
59
352
61
473
21
169
497
192
60
414
66
188
66
464
272
230
277
168
477
341
495
97
92
296
223
18
166
143
206
332
150
115
287
293
496
352
463
65
2
463
119
205
319
461
37
291
429
61
27
329
120
290
319
171
471
183
223
421
270
240
60
357
428
22
358
59
499
72
469
336
239
1
418
177
316
205
85
211
282
341
186
221
234
152
405
433
265
308
83
244
270
344
422
141
492
197
336
429
334
204
326
373
423
244
58
103
220
466
251
71
71
264
415
471
75
362
77
379
400
446
224
405
300
421
431
406
16
365
416
242
8
242
133
216
64
399
446
194
247
242
484
451
379
340
328
65
366
3
398
113
44
149
149
134
474
445
15
151
167
403
475
144
124
209
59
133
268
112
249
3
424
248
312
402
337
224
361
403
456
220
241
240
220
238
216
190
450
462
376
191
123
487
255
461
348
383
230
317
157
278
491
457
464
289
133
298
456
181
266
487
103
257
488
376
40
412
40
204
119
290
85
330
216
365
173
198
7
139
239
219
424
466
261
5
266
272
129
322
80
166
234
233
384
119
351
291
69
497
20
143
425
333
320
159
198
252
252
165
311
434
281
492
3
471
53
408
48
334
310
76
467
35
132
404
227
361
323
170
310
304
487
408
296
27
216
472
136
354
177
222
196
401
413
75
370
496
230
135
95
102
179
308
499
382
383
176
70
2
245
3
318
127
481
45
218
407
344
314
431
15
478
155
299
76
439
390
466
453
110
396
140
70
26
278
7
493
452
320
147
57
13
101
435
353
154
93
420
304
313
151
459
488
336
172
52
247
421
170
250
389
184
298
360
110
340
232
227
435
469
12
392
206
389
234
153
206
293
46
188
161
5
165
339
331
17
29
401
431
314
412
370
46
449
123
13
97
356
17
386
265
476
276
479
77
461
392
99
110
472
450
310
479
423
173
328
431
429
279
160
472
227
451
460
30
375
234
181
173
217
309
400
363
291
35
475
163
205
182
151
183
329
118
135
384
172
178
338
152
301
141
472
268
306
163
73
122
493
104
154
122
266
477
211
391
8
306
126
355
190
332
168
350
465
472
269
321
66
32
78
101
496
5
412
121
247
293
218
203
105
470
429
380
467
58
239
379
113
7
267
107
397
339
358
86
471
9
383
374
352
237
323
32
435
49
208
208
430
405
48
308
129
116
341
167
441
371
464
435
230
390
352
222
168
229
263
279
79
399
160
209
67
360
310
366
162
495
83
188
177
457
146
301
54
273
309
237
135
247
130
77
493
111
118
269
281
445
369
222
435
194
354
144
15
86
249
335
23
474
230
422
143
8
461
185
36
153
220
268
113
388
78
195
35
405
364
115
143
365
346
232
7
178
484
342
375
382
474
256
471
32
407
325
320
38
348
22
107
102
430
363
473
351
199
134
113
406
361
90
115
438
405
385
101
330
146
127
425
293
205
429
1
248
158
339
176
407
247
493
15
379
387
182
389
152
16
404
349
78
387
275
462
450
290
383
21
416
458
436
400
367
443
158
206
486
159
38
414
423
485
74
186
62
389
199
276
4
390
14
104
279
384
416
423
411
388
50
340
208
117
377
468
196
492
397
461
269
190
346
359
53
192
338
315
79
459
86
81
170
350
432
467
443
244
456
408
71
465
442
301
326
96
432
336
86
95
24
226
272
229
395
464
241
358
382
75
360
347
212
204
451
47
169
379
397
215
206
325
60
26
88
344
206
455
271
479
357
207
237
482
454
179
493
451
366
5
387
460
117
159
283
32
289
338
490
374
290
435
124
23
149
309
359
257
190
284
196
492
259
386
74
287
300
204
229
65
315
484
286
247
251
109
92
113
4
488
244
453
160
93
234
367
143
386
458
451
245
263
213
72
19
313
64
456
195
213
195
465
189
403
78
82
382
393
404
444
148
2
332
75
119
211
160
435
391
410
32
362
304
357
223
118
11
434
495
373
426
444
338
232
122
173
247
197
500
197
462
385
492
84
281
279
159
53
291
344
430
472
417
477
237
131
341
464
54
225
315
418
305
193
435
2
240
185
322
244
248
323
113
207
130
209
462
427
94
158
66
193
243
86
3
481
436
183
340
233
327
91
150
26
413
159
191
230
235
106
49
264
327
437
75
252
215
338
419
74
120
500
389
136
155
305
223
40
42
219
222
311
421
380
453
371
480
411
468
73
66
309
202
270
24
451
307
228
315
244
332
462
497
271
165
85
341
457
168
195
278
235
410
455
2
28
275
171
376
490
131
400
287
416
3
465
367
26
22
125
397
465
100
143
366
289
464
28
472
3
333
392
421
334
65
25
115
324
166
120
244
126
26
429
497
475
181
75
405
196
319
257
435
392
49
218
180
32
306
477
470
29
475
132
395
170
33
330
95
306
189
445
239
86
76
487
418
262
149
318
116
121
434
427
142
466
270
212
267
299
79
43
406
354
111
246
487
8
414
113
122
281
75
91
409
145
14
392
96
200
304
489
431
467
127
218
328
15
75
66
16
490
68
132
9
269
129
295
187
413
253
154
383
461
490
26
187
181
225
469
229
412
460
174
392
409
183
413
383
207
84
256
190
18
127
269
308
397
30
100
160
72
360
498
373
239
434
170
22
398
223
180
116
395
399
89
433
251
48
34
386
131
433
39
357
340
459
44
392
183
295
388
334
226
256
310
313
76
264
460
120
173
256
386
236
317
46
42
282
189
85
6
336
1
109
323
456
117
35
187
305
2
373
72
119
242
239
351
195
23
335
23
323
22
26
234
450
444
280
25
492
180
451
456
13
490
408
160
481
497
125
263
55
398
302
147
250
294
78
88
456
363
283
490
105
202
38
166
324
189
355
421
97
450
108
120
457
182
24
366
292
26
466
499
257
445
441
223
255
190
335
416
267
376
409
425
197
430
82
52
85
285
455
350
390
117
451
393
77
155
252
268
52
179
47
225
394
234
345
167
43
299
304
18
460
239
213
384
331
230
325
454
197
85
376
125
327
448
69
489
387
184
328
70
286
18
23
455
207
486
249
388
126
127
86
341
69
36
31
94
123
399
42
10
58
485
323
345
61
232
119
238
362
76
386
351
68
481
251
78
213
287
188
230
459
499
275
198
3
407
314
263
60
114
463
442
334
476
345
110
91
285
341
497
416
121
40
180
334
282
452
184
337
451
236
2
408
378
285
3
339
313
21
12
133
141
250
195
404
318
382
352
47
77
181
197
21
174
101
367
315
455
2
12
182
5
370
130
342
305
288
120
246
430
144
429
81
191
96
194
441
334
446
306
93
486
55
5
427
362
402
328
100
4
343
20
417
305
463
430
349
462
285
342
25
168
352
256
263
383
448
231
112
344
427
94
453
171
223
118
31
413
266
80
321
190
18
87
288
267
401
9
83
362
301
497
285
313
263
193
162
350
363
475
406
204
15
443
72
79
303
178
353
112
84
363
466
442
338
331
262
234
321
293
223
168
200
180
236
294
346
329
4
448
476
108
81
488
259
15
392
69
394
316
146
383
28
382
312
387
164
61
288
460
475
176
74
126
133
97
108
79
434
202
7
114
106
82
247
284
242
379
258
170
340
315
130
490
384
179
486
10
328
346
185
222
228
298
280
136
107
57
199
190
382
482
257
328
477
9
65
118
384
95
447
450
107
405
347
374
14
125
157
437
160
216
161
58
166
443
165
439
174
65
43
347
328
272
205
216
71
167
72
4
373
428
325
25
291
177
148
103
436
41
339
348
161
483
446
128
339
67
203
433
254
58
207
239
99
47
288
267
101
139
136
120
217
188
121
185
247
125
298
457
38
445
331
3
282
190
63
201
130
447
110
113
79
254
214
411
227
209
183
179
112
69
27
104
419
191
341
146
348
313
209
131
409
416
278
408
343
181
210
266
243
460
60
133
260
135
80
290
98
265
176
335
206
53
128
481
286
347
288
426
368
167
300
63
300
95
359
93
67
302
281
270
317
481
27
1
480
51
494
319
224
142
163
394
392
143
252
211
352
378
225
349
481
390
475
398
210
299
93
27
243
222
498
481
170
411
254
391
316
444
108
233
143
111
272
12
63
486
98
363
435
150
148
173
400
6
239
58
92
270
278
143
14
381
183
470
164
324
345
83
182
209
458
448
433
350
112
193
91
84
330
417
312
142
197
342
132
22
423
455
191
41
53
7
291
63
140
228
194
248
482
27
394
167
12
79
369
123
147
257
59
177
273
185
25
31
181
361
354
225
47
321
500
435
82
92
288
94
174
402
304
63
264
36
370
172
337
85
185
90
195
436
104
257
246
360
308
406
234
304
425
95
299
158
348
180
367
193
188
164
228
153
432
28
181
99
443
341
395
36
480
234
50
96
398
200
8
195
140
106
98
434
18
347
147
326
107
157
181
459
425
276
147
147
268
430
202
320
311
404
467
5
234
424
230
83
244
27
337
298
425
186
21
463
369
98
69
243
26
266
133
52
104
316
69
165
253
361
489
485
99
187
194
88
457
94
355
193
306
292
234
56
290
3
295
424
167
159
412
218
195
426
350
427
32
255
437
340
187
120
249
251
58
216
249
46
462
50
140
271
452
86
245
189
22
429
405
174
55
450
375
406
123
190
292
247
384
468
140
20
477
238
192
459
382
441
132
75
258
404
22
431
235
179
416
418
112
189
309
26
264
43
117
389
452
490
185
413
491
182
275
252
496
127
126
78
152
96
94
193
77
127
406
400
491
277
369
270
439
330
346
497
366
328
487
381
291
12
84
222
250
54
39
397
79
361
178
268
404
176
176
267
20
239
42
491
64
408
3
499
73
299
265
184
161
303
387
59
172
181
56
153
165
360
240
363
137
71
130
68
325
38
385
150
324
105
20
200
157
431
321
136
199
168
376
273
177
495
253
18
140
290
495
274
4
325
438
473
395
473
393
213
69
134
485
449
266
379
396
427
304
172
382
162
176
463
334
161
306
494
159
353
457
239
56
277
96
69
211
445
263
21
93
76
204
364
422
421
179
52
439
320
474
186
377
313
210
132
43
208
58
129
57
363
441
408
217
135
232
175
40
8
320
180
292
226
278
55
366
489
105
139
5
248
297
138
332
495
161
133
186
120
443
250
128
380
423
148
462
387
212
396
325
137
438
329
331
128
15
62
381
388
60
484
37
397
407
320
433
342
470
147
375
444
477
151
270
231
332
404
97
47
4
469
25
416
15
285
293
448
131
2
224
428
437
192
186
492
425
279
477
385
209
416
439
204
315
109
202
311
403
457
180
136
31
66
422
24
346
455
101
499
283
104
263
390
24
189
61
142
56
80
452
354
267
206
322
143
5
52
202
292
15
296
89
343
83
369
10
347
109
113
229
304
131
191
21
46
154
400
102
309
311
195
236
101
144
396
117
111
371
347
458
454
147
111
203
306
359
264
7
216
486
297
51
288
39
282
350
298
475
60
80
410
364
6
425
149
387
194
218
61
18
221
58
140
465
414
213
23
123
166
499
266
400
339
302
89
386
320
223
450
346
144
217
34
20
448
282
368
138
468
102
177
464
301
91
336
29
281
62
385
498
468
197
426
383
16
175
1
19
30
157
98
364
422
439
288
320
263
317
274
313
218
230
128
397
277
387
378
130
225
1
334
374
109
335
27
64
320
36
39
313
395
257
149
3
148
246
269
264
388
488
450
410
160
83
446
57
199
369
281
247
188
280
148
448
275
176
45
287
367
266
125
371
259
385
464
393
358
214
162
161
467
26
101
430
438
311
26
238
390
39
195
135
162
454
347
384
225
157
456
352
417
229
409
340
60
461
127
214
310
115
458
104
480
388
223
436
465
16
256
426
489
85
486
29
434
325
231
107
231
148
227
377
28
367
205
356
178
375
339
219
37
167
304
73
12
332
406
227
388
154
267
50
116
116
441
484
453
497
34
206
158
348
425
294
329
410
58
111
422
40
431
378
31
407
469
155
132
122
255
145
171
70
313
364
166
15
100
332
329
65
212
480
157
292
459
462
424
227
429
51
126
59
13
156
46
192
446
400
404
351
444
1
313
146
272
457
222
427
208
267
449
426
349
95
489
493
433
407
417
287
19
189
384
19
239
402
38
318
168
289
24
396
386
128
183
86
272
381
100
363
301
52
221
215
190
376
476
210
144
188
59
253
199
54
400
415
201
378
214
275
359
340
80
491
33
60
489
319
446
407
13
437
407
357
449
367
303
216
68
330
182
391
32
202
82
257
469
194
445
403
219
112
1
333
437
432
302
336
357
27
310
409
365
221
378
218
322
299
359
115
45
388
178
240
343
462
211
184
81
422
119
124
442
444
432
156
246
400
125
427
56
305
261
368
164
227
346
118
35
227
44
345
340
202
157
340
350
86
373
321
150
85
236
415
447
70
67
282
80
419
120
288
325
433
210
6
67
18
304
203
35
96
91
232
482
140
30
42
417
437
37
188
367
6
68
397
30
223
247
371
195
425
391
40
345
287
330
39
44
439
309
108
391
146
436
73
175
10
204
437
188
410
426
417
179
392
166
89
406
446
203
492
416
472
456
269
323
369
436
60
170
476
317
423
287
95
10
174
491
71
317
465
488
275
198
440
394
3
3
174
8
86
161
475
145
58
293
459
207
457
487
45
45
236
134
277
140
452
136
9
196
172
104
163
345
140
268
311
411
448
239
400
426
420
57
388
497
78
14
39
22
387
212
486
328
60
499
43
351
450
73
11
195
19
381
25
149
46
244
148
70
104
119
102
460
406
383
132
60
398
167
66
338
461
364
146
413
251
290
177
167
112
169
482
106
65
158
497
421
186
494
203
137
166
487
346
305
51
165
170
282
57
157
29
352
471
98
438
211
435
353
175
179
432
146
133
459
20
375
91
215
244
333
54
401
313
428
204
355
413
51
375
480
95
298
272
109
360
471
437
73
43
457
160
445
189
12
245
16
491
262
123
148
362
344
427
410
2
41
151
139
227
36
8
475
6
486
52
334
496
72
5
330
416
378
88
229
382
86
457
222
250
330
84
45
237
309
138
319
396
331
84
375
147
309
315
352
311
500
215
398
79
272
52
459
46
101
84
372
290
168
179
274
119
481
127
220
332
284
161
374
400
221
472
152
125
223
254
346
261
422
500
405
175
104
417
372
423
152
405
289
162
313
129
323
487
242
184
373
224
279
324
10
338
204
127
241
406
389
343
354
167
192
467
409
362
265
370
339
26
55
16
89
23
246
495
293
446
134
206
118
68
81
125
88
247
104
100
21
155
404
138
64
345
279
50
249
18
239
249
23
430
410
309
313
113
393
224
331
58
148
29
135
188
191
178
243
295
472
204
43
204
187
331
225
199
480
236
11
221
58
213
150
35
98
432
314
448
39
436
379
244
368
367
441
300
386
283
362
330
105
162
207
424
461
476
22
421
346
367
121
282
170
123
298
427
116
249
241
4
114
456
372
297
200
423
298
347
413
116
196
46
188
376
69
224
340
339
94
314
230
68
57
396
450
51
317
359
29
424
169
31
100
483
59
20
237
133
232
472
305
51
78
284
59
325
279
177
57
371
165
248
463
304
182
426
320
409
367
362
50
135
333
487
65
374
456
493
247
33
188
107
313
102
287
447
109
92
130
267
305
313
306
235
150
53
217
303
7
208
87
474
248
402
7
99
322
57
410
460
282
245
306
193
482
496
21
49
294
2
248
262
213
415
321
131
99
111
319
61
416
434
386
103
378
50
493
49
214
69
307
347
415
97
318
19
333
358
1
383
279
400
392
211
439
293
254
462
367
23
304
487
139
61
358
2
335
294
243
287
18
219
385
393
104
363
80
191
179
41
206
319
210
47
391
72
390
396
27
377
434
133
479
406
73
177
325
387
237
448
102
465
486
377
190
424
179
127
216
226
69
60
219
223
103
143
199
457
73
113
201
223
4
263
106
80
181
245
2
160
126
256
178
499
495
380
143
235
449
275
400
266
348
168
210
2
362
470
79
8
62
496
357
247
429
16
494
241
366
480
292
273
305
357
339
255
340
80
241
107
446
109
253
422
351
46
41
273
425
168
407
391
95
107
112
423
260
205
209
247
472
359
198
212
290
366
330
357
135
497
377
446
280
92
370
242
214
122
493
164
30
130
107
425
298
498
251
407
415
408
412
358
413
247
367
98
389
85
18
130
350
112
291
48
132
208
471
302
318
16
122
227
110
23
208
328
25
308
485
105
486
139
326
145
426
162
257
428
412
337
261
153
471
278
141
484
360
458
178
424
350
110
235
489
306
441
23
90
338
488
342
384
160
163
321
16
449
147
427
427
496
423
407
451
280
260
200
121
239
472
413
16
497
239
495
121
117
167
459
472
94
154
173
394
267
412
128
374
120
282
453
33
66
211
406
304
267
391
180
255
325
251
426
44
259
10
154
232
163
78
451
131
172
59
287
20
456
46
181
394
409
317
472
6
412
342
63
181
163
367
180
379
436
33
446
120
385
250
401
289
82
165
13
366
320
192
214
458
495
129
73
430
365
420
347
159
396
68
401
306
97
157
256
70
268
284
457
222
447
70
345
165
42
179
426
493
120
10
90
420
193
433
151
43
499
67
459
218
282
207
158
337
382
39
124
4
131
312
97
34
21
60
116
310
392
401
42
344
91
279
163
456
450
364
227
157
285
46
120
303
194
229
408
184
420
262
478
94
312
10
185
415
7
111
98
41
423
43
217
390
405
55
435
410
435
16
416
340
284
85
123
35
190
468
305
441
242
340
438
258
58
220
373
490
67
355
279
468
267
270
369
488
238
284
416
494
379
353
100
205
400
110
398
273
476
455
450
449
160
456
127
304
192
225
421
369
191
235
233
37
408
343
157
258
236
24
12
489
4
7
16
442
256
131
311
469
230
374
389
480
55
5
364
444
348
365
97
488
386
200
222
201
333
392
294
77
117
296
38
76
71
207
469
475
197
242
79
150
63
153
231
49
284
255
489
436
331
273
203
76
493
22
426
214
295
318
472
208
385
62
346
282
53
336
174
237
418
253
309
28
93
168
394
350
214
135
310
348
107
250
228
248
123
241
296
54
207
307
425
44
184
322
94
60
438
107
211
79
214
452
166
233
157
81
472
320
380
147
179
444
416
246
121
222
225
236
35
466
160
484
106
483
263
340
124
490
148
363
124
297
362
479
166
168
138
295
232
318
271
405
182
202
2
481
195
163
276
412
201
135
68
182
1
426
76
493
475
107
93
12
125
290
116
338
90
496
420
45
232
444
236
296
471
451
482
185
149
146
95
28
434
477
433
337
54
403
1
249
21
349
342
73
440
336
344
26
26
245
473
103
67
468
18
266
205
133
329
465
223
254
282
133
313
65
240
13
228
318
186
265
227
138
425
360
265
498
272
289
40
41
53
111
240
398
415
239
126
198
485
293
471
289
286
139
333
170
476
49
185
325
25
113
36
79
256
282
362
156
365
3
458
469
35
46
151
159
61
146
257
114
98
120
163
121
90
16
11
433
270
328
97
326
246
126
379
286
181
272
266
158
333
183
293
51
371
299
223
410
337
96
220
5
383
125
310
149
33
105
113
161
162
179
74
94
138
382
311
337
156
342
128
104
250
111
278
359
165
388
144
476
403
157
192
421
109
71
316
397
241
68
9
247
1
393
223
22
397
295
270
347
43
256
173
248
314
96
39
243
385
292
235
410
357
271
471
219
211
302
254
231
202
455
151
216
454
373
328
496
95
345
464
172
34
341
296
28
220
350
382
194
187
407
448
181
18
293
176
85
29
356
266
200
446
395
178
392
157
409
162
395
277
426
378
236
204
407
269
220
167
500
212
320
377
137
481
483
338
151
69
166
164
208
87
5
368
419
147
200
480
67
415
212
183
324
415
479
181
308
80
222
479
217
73
464
487
96
30
171
431
138
5
343
472
132
203
89
163
402
381
78
418
221
250
304
92
313
150
439
448
114
400
453
363
472
315
426
482
449
150
324
235
317
2
109
170
196
116
357
393
131
456
30
113
190
491
267
296
384
219
448
268
418
170
387
284
416
388
329
90
367
256
429
295
67
442
94
76
373
256
15
177
499
297
293
495
18
423
433
196
92
327
465
229
260
311
206
468
391
252
98
260
114
239
191
171
240
388
196
471
288
498
40
4
327
413
131
51
366
230
491
18
32
386
22
425
188
66
81
29
56
426
67
239
254
214
474
472
450
39
351
82
77
319
271
177
303
248
260
215
37
49
242
169
442
273
302
247
427
464
74
222
146
151
218
281
490
385
356
15
486
297
418
200
383
70
129
372
55
161
389
391
121
151
465
198
424
216
344
317
189
404
171
320
353
180
30
474
118
44
320
108
352
468
195
411
467
379
454
334
341
31
390
93
268
254
422
398
295
305
367
28
98
374
436
117
335
197
469
198
114
190
60
459
423
85
57
461
455
176
476
189
373
482
99
212
83
447
477
27
63
124
219
224
244
284
289
54
340
359
94
206
346
269
423
210
241
351
223
242
196
343
408
382
255
243
230
413
152
253
347
151
28
18
460
499
361
434
412
473
472
459
288
328
402
50
465
98
419
219
143
405
259
494
159
245
56
122
425
148
185
310
474
120
6
469
58
119
132
99
281
495
64
221
116
301
58
117
140
231
187
83
11
93
47
370
183
188
1
113
421
305
291
176
27
157
177
115
219
72
113
244
316
21
188
215
313
227
353
486
109
7
48
106
406
308
35
369
439
10
294
121
348
471
370
263
18
89
66
381
338
243
290
362
164
359
288
399
386
153
308
354
177
139
69
163
57
395
140
194
489
342
57
323
149
326
143
396
61
185
135
238
72
215
258
437
106
477
434
285
347
274
253
467
355
320
292
420
230
152
208
133
211
209
401
139
123
164
292
488
236
129
15
90
48
188
21
34
79
382
202
230
76
267
290
112
45
3
273
25
241
72
132
456
145
224
122
344
99
33
235
357
93
118
354
288
187
35
420
9
341
121
185
354
299
243
377
241
351
308
244
433
101
200
93
442
456
400
15
288
229
4
21
150
274
85
289
257
152
471
189
353
241
407
118
81
200
331
37
212
13
64
400
359
275
121
423
30
33
90
323
259
409
65
356
405
260
39
51
263
431
355
134
149
132
375
142
305
148
382
192
163
474
456
313
341
70
75
98
97
198
54
300
456
324
138
245
230
249
41
186
295
33
114
431
164
395
457
177
181
62
300
125
1
60
320
467
446
156
187
354
353
55
146
413
94
120
221
267
112
150
300
409
77
319
292
60
61
96
384
436
44
388
496
62
25
294
42
424
89
196
338
428
375
453
132
153
137
197
160
473
350
207
391
75
204
450
224
353
241
267
316
52
446
211
471
381
170
330
100
109
483
120
142
419
252
82
127
481
145
132
37
403
108
251
106
283
397
467
335
178
301
307
90
333
327
486
20
448
379
16
215
225
207
6
67
286
360
185
162
401
259
222
191
239
101
69
421
96
396
491
66
237
124
18
103
148
307
395
62
78
91
81
142
286
411
98
165
457
270
408
374
148
303
156
362
74
404
408
94
399
463
49
422
497
95
253
311
432
95
332
98
115
370
442
73
286
131
443
437
77
265
258
320
11
13
310
457
306
376
91
385
364
23
26
146
243
437
200
356
312
40
10
290
145
140
144
174
480
244
161
318
366
499
204
417
275
390
168
442
168
226
273
404
60
421
245
19
255
176
285
321
372
291
195
164
330
62
418
241
304
34
325
291
114
265
388
7
290
181
364
364
366
190
310
82
171
307
161
286
112
227
203
106
28
93
61
447
368
25
371
488
405
397
483
123
297
404
472
47
165
479
359
492
357
340
259
266
350
149
197
201
121
108
72
429
37
200
175
17
73
266
292
451
309
155
292
227
315
323
100
424
87
459
230
83
244
16
3
440
192
366
188
205
369
281
214
455
126
416
105
484
91
117
92
24
205
13
287
146
363
153
495
396
265
226
95
278
299
381
496
72
334
88
463
225
402
113
57
51
253
267
153
400
230
370
363
117
361
125
264
169
413
19
174
155
497
296
153
119
106
106
140
86
183
43
43
96
28
464
167
157
482
286
213
83
421
276
65
441
159
294
300
67
339
444
292
19
368
198
360
193
338
178
280
457
262
66
468
112
244
401
403
296
496
432
252
78
304
164
336
414
259
296
390
452
153
377
107
243
65
209
224
397
154
327
331
431
189
235
253
200
292
40
196
194
223
135
419
236
434
182
430
200
385
325
210
265
369
336
74
465
322
201
221
336
214
88
26
375
275
129
458
221
335
1
454
39
94
456
279
418
117
171
277
359
239
69
6
391
499
194
60
267
489
123
343
337
335
481
287
243
247
218
395
392
259
4
91
354
428
384
172
328
371
157
166
141
40
405
111
392
165
72
190
363
226
106
270
92
257
320
226
179
104
368
452
335
105
80
183
1
430
248
190
466
8
473
62
385
183
223
83
370
338
369
312
421
321
191
162
430
44
140
267
230
85
480
46
253
121
410
246
309
333
263
292
209
347
500
36
61
29
374
466
453
209
411
88
494
137
182
84
206
99
262
397
198
276
248
199
229
438
284
146
326
144
193
33
21
43
41
332
422
316
243
183
410
177
229
215
92
174
126
45
320
322
469
35
112
329
46
238
149
374
195
119
196
34
144
423
277
53
311
48
292
200
444
51
383
463
456
262
370
271
418
176
363
371
315
37
318
317
436
125
255
365
52
437
161
338
482
408
222
214
62
450
472
414
147
413
253
354
358
144
441
421
28
18
380
67
58
312
206
204
305
406
313
15
15
178
191
190
370
482
51
457
321
404
278
55
21
413
126
66
481
209
317
211
356
449
268
409
214
77
54
452
126
291
419
275
458
139
232
277
440
416
116
141
267
445
194
3
313
375
441
236
428
457
475
400
211
223
291
229
246
227
499
239
341
351
418
246
63
359
90
224
80
118
255
10
219
455
157
449
40
325
213
38
259
381
46
103
416
147
223
456
361
334
134
312
373
346
457
111
28
279
424
95
353
116
246
280
259
476
471
66
313
122
389
423
20
437
131
119
35
371
119
19
453
273
229
466
261
181
157
181
407
18
385
30
38
162
391
347
479
151
334
292
287
232
339
485
391
136
238
365
227
312
203
365
152
466
76
137
417
477
415
80
75
280
358
496
295
472
220
122
344
277
500
244
232
109
466
453
461
257
350
454
229
195
393
110
8
259
461
131
19
274
325
44
312
383
345
172
461
78
321
491
193
498
63
256
232
213
444
303
132
194
116
385
453
231
437
305
302
421
262
474
12
363
228
352
22
413
468
456
460
314
296
398
354
112
362
39
5
148
76
3
145
423
160
360
223
404
186
339
474
264
167
388
249
227
389
376
68
7
92
91
349
422
342
56
392
10
22
474
355
427
287
376
225
91
27
230
121
396
484
458
180
395
22
388
252
130
294
264
236
253
82
429
485
285
456
280
478
232
104
18
240
360
231
93
364
236
247
65
474
133
189
412
477
89
302
9
92
309
74
237
323
224
179
306
312
288
266
450
381
160
395
248
473
69
28
285
219
127
21
345
450
452
313
229
128
283
207
157
405
305
57
24
351
129
499
50
283
297
487
88
92
323
313
16
46
128
130
288
137
236
40
280
295
401
293
108
37
208
385
83
23
414
437
408
406
98
168
116
396
268
499
78
63
337
445
246
72
324
304
7
308
325
424
256
180
154
381
445
299
130
273
482
236
264
81
412
99
80
66
335
367
482
57
489
83
462
201
338
364
50
243
406
38
165
285
400
184
62
163
478
393
228
74
221
177
16
447
95
158
380
210
305
416
400
116
46
268
294
100
211
130
318
307
122
152
380
421
276
397
317
207
59
478
88
352
186
335
190
134
485
137
306
255
387
183
148
293
203
181
69
177
464
294
395
381
212
21
412
126
205
150
255
321
51
333
333
248
259
184
119
59
132
258
458
121
346
277
123
442
362
80
106
20
161
448
72
363
11
208
114
132
206
366
270
457
353
410
366
334
418
449
24
257
282
374
123
247
99
433
229
362
203
284
361
426
249
421
50
278
130
251
469
178
66
42
362
220
40
20
246
80
461
488
215
300
185
54
312
463
101
310
232
128
144
169
120
186
92
479
457
10
64
57
429
192
37
353
309
17
142
135
186
449
357
306
419
351
20
302
412
2
353
405
243
45
423
288
304
492
132
146
481
170
441
432
385
112
148
378
459
323
37
323
176
120
222
184
231
338
453
389
467
118
28
95
327
231
315
115
410
472
181
154
143
76
380
231
259
325
157
459
152
74
476
308
232
335
416
446
192
250
307
322
80
345
231
303
237
320
457
414
68
349
331
13
179
372
489
135
219
229
111
173
267
183
225
144
272
369
271
340
488
67
374
429
445
369
379
290
270
292
314
237
230
224
492
212
57
257
473
47
25
427
50
444
391
190
343
32
108
126
440
48
279
302
336
74
4
37
210
73
249
433
262
38
478
484
54
37
116
355
381
124
493
38
316
266
111
21
76
243
78
361
373
326
149
182
325
493
220
478
410
461
135
412
296
423
464
338
176
25
332
195
471
426
87
141
2
59
442
386
376
184
288
26
416
259
186
444
95
261
490
359
371
230
256
486
366
16
468
474
197
32
201
327
195
188
142
337
23
148
366
299
54
72
488
239
37
147
177
259
329
378
168
262
76
407
165
332
334
457
84
342
175
431
262
56
322
228
197
437
304
369
5
216
48
247
69
385
173
19
442
282
65
483
224
186
99
191
127
4
63
16
34
64
49
439
228
307
176
466
472
285
102
292
415
306
321
99
192
333
211
263
283
329
253
191
23
175
242
492
221
11
123
346
100
468
426
58
255
110
498
79
453
189
451
84
9
345
384
130
27
283
83
392
56
171
428
59
228
68
287
98
78
23
125
343
189
245
494
155
331
209
445
276
111
490
229
480
100
232
439
135
136
238
492
425
383
463
16
174
330
381
381
468
236
204
184
150
14
233
62
153
288
305
197
197
249
252
351
391
72
131
158
6
465
101
267
397
466
289
264
362
307
305
39
148
125
163
499
268
411
330
217
360
441
413
202
443
462
76
92
130
176
244
72
167
473
394
328
497
50
342
290
33
397
337
279
310
172
39
67
308
272
20
118
412
354
350
43
222
234
42
25
272
450
198
98
131
373
105
297
328
492
218
261
140
9
30
373
422
36
205
13
357
104
37
403
348
231
348
425
128
155
270
96
127
265
68
188
183
14
161
217
289
467
343
201
268
248
370
236
37
467
97
52
471
219
149
232
306
424
290
295
42
260
115
311
344
492
17
92
181
375
21
402
89
293
21
413
349
73
281
425
212
286
172
76
298
43
64
444
350
78
71
77
155
1
476
61
147
305
66
266
498
186
401
415
381
381
110
37
498
76
251
274
46
495
489
356
321
51
464
349
410
392
85
45
123
337
241
64
179
93
485
386
72
184
115
166
20
316
321
226
479
385
84
151
349
7
409
385
229
332
166
138
365
9
339
307
340
448
352
431
489
10
313
498
89
479
52
137
454
54
139
448
291
198
278
336
435
10
433
332
409
269
403
423
232
32
188
424
338
85
489
364
133
145
1
289
293
58
268
233
226
251
378
418
383
432
28
30
33
444
154
127
69
356
236
397
491
160
195
153
318
30
392
473
402
317
177
488
415
404
210
258
117
216
350
147
492
7
353
488
335
110
336
173
478
130
83
124
37
453
123
306
294
191
297
218
179
493
45
381
233
248
59
13
401
485
169
126
105
249
347
269
157
407
123
180
341
234
381
447
248
223
40
248
373
321
2
482
413
340
395
462
250
442
204
22
235
24
169
120
50
423
58
126
236
182
368
120
290
103
370
34
183
47
63
7
156
357
56
260
229
388
255
206
8
457
337
383
163
54
462
107
208
381
493
5
141
223
86
318
5
273
1
31
407
405
214
19
264
390
75
483
152
329
152
464
11
4
176
240
258
5
105
321
349
350
237
179
318
358
41
157
457
320
468
357
440
446
410
492
485
255
184
457
466
437
9
486
291
287
306
387
377
94
401
440
101
330
217
6
256
193
444
415
282
419
368
112
324
377
73
394
55
251
77
436
187
113
160
65
83
374
157
493
48
20
327
382
32
127
70
307
275
468
289
221
270
31
485
118
325
475
370
75
55
482
211
312
171
58
497
316
138
197
97
446
483
299
78
234
369
8
150
377
451
40
306
145
488
212
201
80
258
229
69
2
441
322
118
436
344
64
235
64
152
173
151
338
208
209
244
310
332
480
153
111
146
492
44
402
23
53
23
370
428
103
33
127
189
10
347
64
52
436
306
372
320
454
350
56
328
370
111
323
101
195
373
263
185
366
73
190
354
238
248
448
210
424
326
378
78
369
31
420
44
41
376
187
27
302
203
11
409
446
83
195
400
478
76
330
141
17
316
146
343
230
245
392
239
397
452
273
84
143
70
396
71
472
491
111
146
85
290
491
491
471
229
478
216
486
4
52
254
103
8
436
360
84
363
64
241
247
217
165
411
469
453
366
121
349
342
299
475
403
486
128
219
297
464
412
133
484
2
49
472
185
271
458
22
380
463
396
476
477
218
100
139
466
196
135
270
236
159
478
294
334
307
8
111
178
342
102
295
251
271
75
117
466
322
183
64
287
80
305
310
264
448
318
1
455
404
1
160
189
231
98
44
309
377
389
433
465
484
322
499
109
244
399
179
148
305
108
337
250
207
228
415
466
41
358
284
300
464
455
105
424
44
103
138
110
32
53
217
438
124
440
403
80
91
313
227
410
245
346
424
294
200
287
92
269
129
307
354
375
360
498
319
114
57
325
392
495
33
281
396
251
288
477
370
163
343
261
458
23
129
331
387
470
313
74
217
446
329
161
308
156
109
83
269
307
87
10
79
445
417
456
57
16
89
278
424
242
149
98
356
78
110
155
133
408
358
65
315
244
356
320
249
441
334
186
158
478
332
463
117
37
469
282
335
500
154
323
347
113
147
470
491
344
341
29
413
7
490
159
257
407
260
197
187
187
443
498
22
188
12
319
369
443
313
141
420
454
171
148
385
139
475
319
427
254
427
364
441
245
112
337
83
306
288
465
65
484
455
246
468
393
138
441
83
57
139
64
190
62
66
403
90
31
389
17
271
12
9
480
134
115
409
453
450
207
369
421
411
142
432
136
19
352
405
445
442
237
45
329
472
19
300
29
284
253
23
121
337
324
464
447
488
186
12
145
205
162
228
476
112
409
47
421
100
181
209
339
251
183
12
194
433
236
294
59
145
50
263
253
434
255
244
35
68
290
274
373
82
19
119
270
315
316
273
96
138
19
293
305
241
437
495
237
80
160
480
52
422
104
250
110
290
217
323
307
130
332
184
83
24
64
194
413
454
142
202
215
292
325
10
89
3
1
151
340
405
231
473
138
271
316
7
91
85
73
284
324
365
224
401
489
135
285
483
354
403
8
476
337
307
299
221
23
45
90
177
283
139
457
371
203
224
204
191
56
124
370
20
478
267
452
407
495
246
260
7
367
245
92
363
95
496
426
311
178
473
5
290
472
140
115
181
191
270
441
474
209
125
198
67
458
132
256
298
222
119
172
19
169
180
472
438
387
337
146
332
128
301
128
316
290
404
79
363
27
75
4
41
99
137
172
59
326
172
444
188
180
265
448
360
161
47
96
403
199
208
152
270
353
377
51
415
68
195
270
14
179
315
457
218
256
81
43
311
233
265
327
245
50
395
23
451
294
478
369
23
43
241
308
442
258
447
321
425
190
313
234
155
328
144
355
229
446
417
424
18
252
319
280
346
98
493
229
402
58
169
375
196
33
297
195
8
322
334
313
337
313
475
343
168
176
277
271
67
51
433
156
94
335
271
431
366
213
9
311
248
98
286
219
139
74
72
283
120
368
245
232
385
223
323
122
334
374
211
455
1
79
168
286
120
399
207
467
82
68
189
61
313
457
487
491
204
182
329
221
187
460
202
234
275
305
64
201
16
72
55
111
201
290
445
175
429
37
104
72
212
410
16
90
196
439
75
360
318
426
246
268
267
428
104
173
23
146
227
390
453
101
499
304
493
458
42
234
312
350
198
491
66
473
287
209
384
102
273
293
49
3
399
325
89
9
403
478
432
258
52
